alpha_position = [ 0.          0.          0.          0.          0.          0.
  0.          0.          0.          0.          0.          0.
  0.          0.          0.          0.          0.          0.
  0.          0.          0.          0.          0.          0.
  0.          0.          0.          0.          0.          0.
  0.          0.          0.          0.          0.          0.
  0.          0.          0.          0.         20.84910507]
beta_position = [ 0.          0.          0.          0.          0.          0.
  0.          0.          0.          0.          0.          0.
  0.          0.          0.          0.          0.          0.
  0.          0.          0.          0.          0.          0.
  0.          0.          0.          0.          0.          0.
  0.          0.          0.          0.          0.          0.
  0.          0.          0.          0.         20.84910507]
delta_position = [ 0.          0.          0.          0.          0.          0.
  0.          0.          0.          0.          0.          0.
  0.          0.          0.          0.          0.          0.
  0.          0.          0.          0.          0.          0.
  0.          0.          0.          0.          0.          0.
  0.          0.          0.          0.          0.          0.
  0.          0.          0.          0.         20.84910507]
initial_position = [[6.19914544e-01 7.95133691e-01 2.26360139e-01 ... 6.52822801e-01
  5.51534985e-01 4.03167751e+06]
 [3.10757929e-01 9.52231197e-01 8.19133359e-01 ... 8.51261287e-01
  9.77830772e-01 1.24946491e+06]
 [9.24984521e-01 7.13714938e-01 8.13228333e-01 ... 4.38008307e-01
  3.76615755e-01            inf]
 ...
 [9.21133387e-01 6.35549920e-01 5.44733302e-01 ... 5.03077036e-01
  5.97040587e-01 7.92969936e+11]
 [4.67147486e-01 6.37075945e-01 8.60743126e-01 ... 3.54036226e-01
  1.85061232e-01 1.05375109e+05]
 [9.21775613e-01 9.01536211e-01 4.73542832e-01 ... 7.07588143e-01
  3.87577428e-01 8.17605703e+00]]
